FM_ordered_params:
  # an ORDERED dictionary of fiducial parameters for the FM, for the case of an ISTF fiducial cosmology
  Om_m0: 0.32
  Om_Lambda0: 0.68
  Om_b0: 0.05
  w_0: -1.
  w_a: 0.0
  h: 0.67
  n_s: 0.96
  sigma_8: 0.816

  A_IA: 1.72
  eta_IA: -0.41
  beta_IA: 2.17

  b01_photo: 1.0997727037892875
  b02_photo: 1.220245876862528
  b03_photo: 1.2723993083933989
  b04_photo: 1.316624471897739
  b05_photo: 1.35812370570578
  b06_photo: 1.3998214171814918
  b07_photo: 1.4446452851824907
  b08_photo: 1.4964959071110084
  b09_photo: 1.5652475842498528
  b10_photo: 1.7429859437184225

  m01_photo: 0.0
  m02_photo: 0.0
  m03_photo: 0.0
  m04_photo: 0.0
  m05_photo: 0.0
  m06_photo: 0.0
  m07_photo: 0.0
  m08_photo: 0.0
  m09_photo: 0.0
  m10_photo: 0.0

  dz01_photo: 0.0
  dz02_photo: 0.0
  dz03_photo: 0.0
  dz04_photo: 0.0
  dz05_photo: 0.0
  dz06_photo: 0.0
  dz07_photo: 0.0
  dz08_photo: 0.0
  dz09_photo: 0.0
  dz10_photo: 0.0

# These can be useful when e.g. instantiating cosmo objects. They don't have an ordering.
other_params:
  m_nu: 0.06
  N_eff: 3.046
  C_IA: 0.0134
  Om_k0: 0

  zmean01_photo: 0.2095
  zmean02_photo: 0.489
  zmean03_photo: 0.619
  zmean04_photo: 0.7335
  zmean05_photo: 0.8445
  zmean06_photo: 0.9595
  zmean07_photo: 1.087
  zmean08_photo: 1.2395
  zmean09_photo: 1.45
  zmean10_photo: 2.038

  zedge01_photo: 1.000e-03
  zedge02_photo: 4.180e-01
  zedge03_photo: 5.600e-01
  zedge04_photo: 6.780e-01
  zedge05_photo: 7.890e-01
  zedge06_photo: 9.000e-01
  zedge07_photo: 1.019e+00
  zedge08_photo: 1.155e+00
  zedge09_photo: 1.324e+00
  zedge10_photo: 1.576e+00
  zedge11_photo: 2.500e+00

  camb_extra_parameters:
    camb:
      halofit_version: 'bird'
      num_massive_neutrinos: 1
      dark_energy_model: 'ppf'



