FM_ordered_params:
  Om: 0.318592238
  ODE: 0.68140775651
  Ob: 0.05001413
  wz: -1.0
  wa: 0.0
  h: 0.6737
  ns: 0.966
  s8: 0.816
  logT: 7.75
  Aia: 0.16
  eIA: 1.66
  m01: 0.0
  m02: 0.0
  m03: 0.0
  m04: 0.0
  m05: 0.0
  m06: 0.0
  m07: 0.0
  m08: 0.0
  m09: 0.0
  dzWL01: -0.042059
  dzWL02: -0.002156
  dzWL03: 0.015908
  dzWL04: 0.01403
  dzWL05: 0.046772
  dzWL06: 0.017851
  dzWL07: 0.034251
  dzWL08: 0.059399
  dzWL09: 0.036972
  bG01: 1.33291
  bG02: -0.72414
  bG03: 1.0183
  bG04: -0.14913
  bM01: -1.50685
  bM02: 1.35034
  bM03: 0.08321
  bM04: 0.04279
other_params:
  m_nu: 0.06
  N_eff: 3.046
  bIA: 0.0
  CIA: 0.0134
  Om_k0: 0
  camb_extra_parameters:
    camb:
      halofit_version: mead2020_feedback
      HMCode_logT_AGN: 7.75
      num_massive_neutrinos: 1
      dark_energy_model: ppf
